,Agaricaceae,Amanitaceae,Apiaceae,Aristolochiaceae,Asteraceae,Auriscalpiaceae,Bankeraceae,Boletaceae,Brassicaceae,Caprifoliaceae,Caryophyllaceae,Cladoniaceae,Clitocybaceae,Cortinariaceae,Crassulaceae,Cyperaceae,Dryopteridaceae,Equisetaceae,Fabaceae,Fontinalaceae,Gomphidiaceae ,Grifolaceae,Gymnosporangiaceae,Helvellaceae,Hydnaceae,Hydrocharitaceae,Hygrophoraceae,Hymenochaetaceae,Inocybaceae,Isoetaceae,Lamiaceae,Lycoperdaceae,Lycopodiaceae,Melanthiaceae,Onagraceae,Orchidaceae,Orobanchaceae,Papaveraceae,Parmeliaceae,Plantaginaceae,Poaceae,Polyporaceae,Polytrichaceae,Porellaceae,Postiaceae,Pottiaceae,Pucciniaceae,Ranunculaceae,Rosaceae,Russulaceae,Salicaceae,Sapindaceae,Sclerodermataceae,Serpulaceae,Squamanitaceae,Tricholomataceae
Agaricaceae,0.0,3.4305518033441875,6.315485247639101,11.947333463343043,5.054516748314173,11.833629355752047,9.431365065895704,22.60255982717176,3.994622224017232,1.1602472472276901,2.9774060775895124,3.3075267082872233,6.995012537419291,5.2986155733673534,6.8940214831084665,7.1098250652004085,8.537610989034995,2.903256313938046,5.759352106926905,14.681636131612114,6.865669856477925,9.989797818590093,6.728599653913472,11.38451107003704,14.740097995540298,10.453139018487512,7.925677532966003,14.11408038732926,4.791552790649336,8.855706782086273,3.6974246299134452,4.006014652615909,1.9678053755228702,10.852289527189383,0.5073941931111499,3.6792787361687878,4.777876493782286,12.632708902632253,3.8483200293719317,7.4382869767066015,3.0798324224504996,8.498357298368008,2.3304450098138223,1.9067643813560924,5.798875892663247,7.223775761014654,1.294201036370358,2.330066226069385,6.384425045521529,4.571649023829417,8.121038949133078,1.7349030600987978,4.097928493335265,5.482048177957136,11.815551290618004,2.4081718897756765
Amanitaceae,3.4305518033441875,0.0,3.807565921053709,10.511964108507751,3.0314242918910224,9.697561482237559,6.339562594556937,21.84507684608812,2.562111192992429,2.3167792845816164,1.108328917369934,2.2656525987772125,3.7575270425815033,2.4929795164050352,5.0635821114575235,5.81336610663511,6.789075492606753,1.0552346306665712,4.298597211721127,12.344133077391081,6.978919702490005,10.350781449279078,7.505551648020742,9.517119490957825,11.832593192255183,9.860349686119822,8.59425229251845,13.555163641758272,3.4380326672934687,7.290068176265185,3.983735144790044,3.0002984294645696,2.1355171045483154,9.115092495170016,3.754109879456884,4.758705037339255,3.4951759731824774,11.203977404778223,6.832304733075772,5.57462292013628,3.4945491344151436,6.281486249890989,2.634320338353382,1.6117740892061085,3.301050936364096,7.817406394975414,3.983797496856909,2.0084258001058064,3.340950188583835,2.563081292653171,5.560020112227851,4.892408986424341,6.480463549872373,7.935579046427284,10.146477820361518,1.9088570220837546
Apiaceae,6.315485247639101,3.807565921053709,0.0,6.903098787833973,1.4683251443135352,11.57847745544306,5.342623223701559,18.640993324406974,3.5820519740767445,5.53586751878381,4.8363814293475205,3.0977021322939304,2.540964034260769,1.7048600099594173,2.2563295748688015,2.907500734484551,3.271219305321045,3.7246336147697634,2.6186922572745166,8.586751525691044,8.058963689223832,8.418189486691412,6.690787018185728,5.89295055647179,12.172448045698996,10.73750730727758,10.73754999020405,10.819148620933742,3.688238456207566,4.942945964920713,7.6387769460428885,4.663011995901022,4.966883955272755,5.407174859263755,6.705735905625138,8.331077074072725,6.633612251445502,7.6372908293619,9.551737788383264,2.511446074787052,4.266296378160174,2.9719513555657393,4.444024806046349,5.018931506070836,5.276270457731527,6.723582483345315,6.115360537612355,4.362260190558955,3.8403012576834015,2.0395946917756667,2.002955923352203,7.528304971170381,9.910285647835938,11.4136958326202,7.096281013143281,4.507568645292028
Aristolochiaceae,11.947333463343043,10.511964108507751,6.903098787833973,0.0,7.558850751028908,17.7571792121769,10.186777638879306,12.676377784850091,9.450018309871913,11.60605220844177,11.475043950536483,8.887679132544637,8.785402545519426,8.414578234362951,6.062773331125867,5.033386087403484,3.9651798079694394,10.104178411860499,7.1155747166777905,4.6382482150466195,12.33605238430425,6.5191349914189995,8.055901685048747,2.84725728569046,17.069710780785062,14.795625593734512,15.70672569081779,6.774664261457582,9.069435560846756,6.48357277331787,14.150381279920104,10.471157915338045,10.996726408485578,1.666859945210491,12.316577574319357,14.62494901257486,13.23829295895462,1.7983916052258886,14.491711795650989,5.593631217097497,9.104468645043116,5.425886248492557,9.995154570286196,11.325887844025795,11.793532472710954,7.62823670005035,11.14224172646701,10.318239836189633,10.211851122698846,8.184093250531179,5.876356859546879,12.680299620433784,15.737928656588664,17.201602637009334,5.3178122141916,10.582305155239304
Asteraceae,5.054516748314173,3.0314242918910224,1.4683251443135352,7.558850751028908,0.0,11.492086357715971,5.859385679624268,19.31047027071909,2.3128890734421086,4.360396978267976,3.928756251631308,1.9307149571575792,3.1339720044794657,1.3567882049292572,2.1811703471932358,3.1690697867680955,3.7896202552245155,2.6000239259187476,1.7336534911115293,9.798366715281478,6.915090378952839,8.250673535321834,6.175310823263608,6.924458067237611,12.61252650740037,9.940640162633645,9.5570508226641,11.31953463364163,2.5222645885599833,4.813279820453676,6.624248915528636,3.4589364988839275,3.6796725028232347,6.234513287772634,5.413527063023202,7.1980702608941405,5.819282953811704,8.410911627960196,8.126724406547451,2.6708470306312875,2.832956009610507,4.168973596957552,3.028950634422614,3.908706777678393,4.794026177660174,6.313246004824944,4.771360076347057,3.0337854758789415,3.7449367991066707,0.6961790653473394,3.41467143699007,6.333772451151129,8.63699676237681,10.145839776979953,7.40034679777503,3.2201775594463298
Auriscalpiaceae,11.833629355752047,9.697561482237559,11.57847745544306,17.7571792121769,11.492086357715971,0.0,7.819165927925386,29.838236670052368,10.294796184801964,10.866264023956672,9.264792647245663,11.799272369683885,9.196169970481924,10.193532732114654,12.296579950405869,14.444515400177083,14.040465204061588,10.312681786778146,11.925001923448562,17.807608201503143,10.714900364998808,19.71411474330639,17.165403632703956,16.757942773370985,5.050704411773635,9.679427689232083,10.118993838378467,22.272318660872738,10.469650954721308,12.782873747588352,8.580498754860683,9.687015115116182,10.497654961379997,16.264814815699864,11.79084857923925,9.28430874176915,7.1229660288409535,18.714376144132455,13.125097713863841,12.606320749689896,12.433282606258903,13.87933550985839,11.43818704301646,10.287927566112577,6.856688535536828,17.438865850478006,12.770736440367557,10.759967103372002,7.845516379476867,11.04142299442309,12.642566408890954,13.302770990944786,11.402753191415153,12.147344592953498,15.148586980171054,10.400768265566352
Bankeraceae,9.431365065895704,6.339562594556937,5.342623223701559,10.186777638879306,5.859385679624268,7.819165927925386,0.0,22.420809265541823,5.907651512419917,8.378200651126814,6.792253318338488,7.308499929351695,3.1019323277814617,4.750690661016184,5.6192372432865545,8.007962467790284,6.822260351409946,6.638601420576699,5.941665350156746,10.210829197438375,8.081057192907652,13.522368513686008,11.950959432095951,9.439881673054812,7.183878047173505,8.588361713380312,10.16265500695655,15.464473694806705,5.650918055555144,5.9448234289200474,8.515234181727985,6.0941989440434,7.538502257341796,8.757182264425191,9.629431581769046,9.359039361404408,6.518571988337524,11.238045118651854,11.875434945749625,5.688878924433583,8.057154463209285,7.2674244992494526,7.6823883858131365,7.640953198417556,4.383922319440222,12.014976026775527,9.686460147808093,7.25838655535162,3.0893434966121767,5.7847956601504436,5.877615607762259,11.06976624265349,11.543825667749129,12.942946379676563,7.76416917566771,7.103239553007986
Boletaceae,22.60255982717176,21.84507684608812,18.640993324406974,12.676377784850091,19.31047027071909,29.838236670052368,22.420809265541823,0.0,21.3862022182361,22.55628972448028,22.84780740395898,19.995331287224044,20.73609868102741,20.2923037579515,18.411952756996556,16.17249424589538,16.39091743169996,21.521350843898922,19.27902505797371,13.083023619289945,24.527161917085156,13.110974542313997,16.290199371709672,13.083472367696661,28.792622632634572,27.319630290695763,27.810976440666895,8.654170356353841,21.219984641212793,19.086257211240316,25.558594213085584,22.4850911686578,22.361105784785224,13.842421916200916,23.018320517683453,25.967064600919546,25.099977096182226,11.299159485299267,25.109740594872036,18.031884350975837,20.314934788317263,16.129327950921027,21.309763407362382,22.48261804425709,23.901407421805292,15.714780485623363,21.68703535388979,21.7247170828323,22.356587516228707,19.96992828225975,17.257468990568302,22.597686244704292,26.593309022510827,27.881014905363628,17.405306335144534,22.060549518428367
Brassicaceae,3.994622224017232,2.562111192992429,3.5820519740767445,9.450018309871913,2.3128890734421086,10.294796184801964,5.907651512419917,21.3862022182361,0.0,3.276922887070161,2.810053320086068,2.4636589005685954,3.8570421456655963,2.2359567455705065,3.5303296622273797,5.294349331838236,5.5747230706280835,1.7877341774280535,2.407998700648959,11.812995009537351,4.878569072902668,9.794431306218343,7.411492932312556,9.142865345566406,12.114942908124354,8.054989015835957,7.269409920867412,13.390624868165268,0.9336536713024673,5.166775605841396,4.873848054001295,1.1556594214987759,2.147669813182803,8.248885780926324,4.173765557390624,5.32001988249083,4.051898760364809,10.490453228857724,6.417973114055905,4.081022553536018,2.3498528664095493,6.461126491712011,1.881779757411179,2.8042398495740057,3.468210875660318,7.682373553774432,3.9227167384584662,1.6901817022748997,3.2553456113092016,1.6409021510193862,5.577049702593782,5.607805528791955,6.835310402642056,8.349826444080067,8.234969206967323,1.672573278048116
Caprifoliaceae,1.1602472472276901,2.3167792845816164,5.53586751878381,11.60605220844177,4.360396978267976,10.866264023956672,8.378200651126814,22.55628972448028,3.276922887070161,0.0,1.8265874763277123,2.7561632745629283,5.955156755711293,4.375779121762771,6.30584143315152,6.74891350415199,8.035696823445885,1.9352192617086537,5.231156250705479,14.04780726791825,6.668760307255854,10.247056901100008,7.067073295784738,10.900936055796725,13.63844207189395,10.04131601569657,7.8464937178654806,14.097858927691675,4.161037068591046,8.341817140592369,3.1716257565856867,3.3275689929507677,1.229086028324125,10.400183945128616,1.4515045208818018,3.4799019849116632,3.887513809603429,12.308232395893024,4.690041649614769,6.85570144076541,3.000589566496136,7.8631533307065045,1.9879219288938765,0.7589196960679887,4.743764404694192,7.510914361654836,2.1000801284901267,1.643163834019748,5.308826596957514,3.834899479751141,7.364064660304163,2.7583873966242596,4.547298340314346,5.996167457368809,11.326585318320078,1.6204597448171696
Caryophyllaceae,2.9774060775895124,1.108328917369934,4.8363814293475205,11.475043950536483,3.928756251631308,9.264792647245663,6.792253318338488,22.84780740395898,2.810053320086068,1.8265874763277123,0.0,2.987858339928991,4.548582525706403,3.3858772820529315,5.855403117301956,6.782774773832236,7.699744523156648,1.4769985078312342,4.945936438345056,13.39417874454165,6.560585334817287,11.09788733886508,8.127348471891763,10.587728397685948,11.843782958500237,9.41342603211931,7.7911587656270775,14.518428762693961,3.6971594734314843,7.845709072135377,2.8777536959696843,2.8177314391783987,1.7326045020453698,10.116627074636128,3.1837714930514385,3.6616003057929927,2.63202228204252,12.222904767528506,6.072737222127571,6.3881692081803365,3.769643827914031,7.382716539827066,2.6862909582408827,1.1112658162968176,3.0873409797137,8.490824179454348,3.7898984064515053,1.9727806205355625,3.7094370054098014,3.359761899237102,6.639519881819132,4.538439173737527,5.480468668989009,6.925240275132211,10.82799270595302,1.717436736066846
Cladoniaceae,3.3075267082872233,2.2656525987772125,3.0977021322939304,8.887679132544637,1.9307149571575792,11.799272369683885,7.308499929351695,19.995331287224044,2.4636589005685954,2.7561632745629283,2.987858339928991,0.0,4.470706630887514,2.5881427234840855,3.9581702321069887,4.009126851239144,5.412263076635663,1.622416293801692,3.1382365846477716,11.379292560545801,7.086030378467003,8.145331829054053,5.3865616721528795,8.16417307107714,13.58630138247479,10.492687439269744,9.278477209170381,11.667460665321919,3.1523444345714853,6.440120813579161,5.567554313330111,3.4053610119247084,2.471512872193476,7.661360866245135,3.730258599715802,6.034841273914609,5.38031240400491,9.563276987817915,6.7163504635742814,4.461510439772757,1.848648683558966,5.2660200804384605,1.8145606629146307,2.5212053457958623,5.078325227414514,5.681859490787762,3.069917644066605,1.8892932268782743,4.6431060549515735,1.7262498743477361,4.856095543733457,4.445574432455203,7.190480331720778,8.658983933510662,9.130812572034086,2.194853467175075
Clitocybaceae,6.995012537419291,3.7575270425815033,2.540964034260769,8.785402545519426,3.1339720044794657,9.196169970481924,3.1019323277814617,20.73609868102741,3.8570421456655963,5.955156755711293,4.548582525706403,4.470706630887514,0.0,1.9571471240484777,3.746030226987215,5.432032901717016,5.115668264349813,4.097343424679812,3.9307468365068425,9.577370620576042,7.754941911059408,10.957001301079513,9.070796255201794,7.701365131675416,9.652427660008172,9.643691204232281,10.040935055185711,13.155983253625449,3.9408862803710263,5.5144775515116216,6.994798776542271,4.495263203289266,5.293258979756841,7.231173020461087,7.298804342210033,7.860219323717575,5.447650042888257,9.615168836575918,10.03880850175908,3.9840427489027554,5.610187120497526,4.836854344785211,5.29457498065367,5.243247882221322,3.586977109142344,9.160751138576286,7.189199130965002,4.897123435211355,1.841890577199959,3.1547014937966438,3.53557037342244,8.484147746495132,9.861743407616856,11.333603821415375,7.803528424807078,4.836360202681848
Cortinariaceae,5.2986155733673534,2.4929795164050352,1.7048600099594173,8.414578234362951,1.3567882049292572,10.193532732114654,4.750690661016184,20.2923037579515,2.2359567455705065,4.375779121762771,3.3858772820529315,2.5881427234840855,1.9571471240484777,0.0,2.832971545286092,4.300648726424003,4.560875344597929,2.444888366301971,2.5055185049459374,10.114256731217141,6.8162682040935785,9.557409730955428,7.408339021830195,7.58490042847243,11.307108985261403,9.45713352714493,9.231876384055267,12.379655871194565,2.5227903626894856,5.129525330637285,6.071457163863299,3.1758209679985643,3.6644918871687238,6.978826589690508,5.624433913439102,6.790246450534981,4.94827058606775,9.271122224063337,8.393874727042729,3.280072591961066,3.667404686557067,4.622881999550043,3.43800813975635,3.7496140501989674,3.6390884299910833,7.562301288220917,5.326950735720106,3.150677947376391,2.4465401421207202,1.22224536385626,3.590121599205999,6.751249694773418,8.525696366983324,10.031971398022204,7.788578287602335,3.183097334303935
Crassulaceae,6.8940214831084665,5.0635821114575235,2.2563295748688015,6.062773331125867,2.1811703471932358,12.296579950405869,5.6192372432865545,18.411952756996556,3.5303296622273797,6.30584143315152,5.855403117301956,3.9581702321069887,3.746030226987215,2.832971545286092,0.0,3.113961008205553,2.1203315193392833,4.5699957170944225,1.2999363667439172,8.48574352451743,6.910124704458475,8.142887071239251,6.943405861297172,6.044675319459184,12.762329780751957,9.60284693564221,10.030324135654956,10.959379540149007,3.090113287773945,2.8272037432963595,8.335109968372544,4.492191572792606,5.419553844626156,4.870292129285768,7.190393689954161,8.840496547135164,7.260751315388325,7.254064872714792,9.43864753405368,0.5598291617841262,4.137624071625439,4.247731900710775,4.63720691853679,5.874950948519122,5.892154584420418,6.944478800634539,6.397473356252281,4.779455855669193,4.550725542256792,2.5590065571714695,3.380675890632258,8.166913434032988,10.255422606253243,11.765683914340714,5.221697059474196,4.942883066151182
Cyperaceae,7.1098250652004085,5.81336610663511,2.907500734484551,5.033386087403484,3.1690697867680955,14.444515400177083,8.007962467790284,16.17249424589538,5.294349331838236,6.74891350415199,6.782774773832236,4.009126851239144,5.432032901717016,4.300648726424003,3.113961008205553,0.0,2.5780598840528905,5.40987089526363,3.5832292415595917,7.895339735156028,9.363324738357923,5.570912067910368,4.5310890398360115,4.370940093698609,14.995325128689982,12.508594905754048,12.298510770275948,8.180758643914016,5.313105594474236,5.53815723719031,9.50829595425568,6.435254501529932,6.349530532234554,3.8842471389351463,7.528623107982061,9.995815236475648,8.940223593679866,5.560191902774092,10.135410090985497,3.118875764931547,4.6287388428327345,2.6602863715283944,5.402211402418331,6.516648600471026,7.916438924005568,4.38005374197627,6.4454386199506954,5.687720355683416,6.647057314502553,3.8139699161349476,3.0044703276414317,7.832416609650109,11.074007271810189,12.526893039367307,6.979319206132862,5.986543544023212
Dryopteridaceae,8.537610989034995,6.789075492606753,3.271219305321045,3.9651798079694394,3.7896202552245155,14.040465204061588,6.822260351409946,16.39091743169996,5.5747230706280835,8.035696823445885,7.699744523156648,5.412263076635663,5.115668264349813,4.560875344597929,2.1203315193392833,2.5780598840528905,0.0,6.369685785970453,3.2774424552383192,6.643770246937956,8.811698373513277,7.14847698360486,6.828546013253388,4.1422919968919905,13.971996158143503,11.385819690748386,12.049654278318048,9.265092820446005,5.188289000521715,3.49534940253873,10.318474358375642,6.585117147056775,7.2922900867083,2.76867618736434,8.881633581526117,10.833389482798673,9.29820472019369,5.17204434962823,11.179766744480164,1.6622719427530264,5.700943762175977,3.4952420142089418,6.403155819913441,7.659703436438157,7.8575985676642555,6.651904246625328,7.908476434561378,6.62336278762939,6.346587310644636,4.364729002503479,3.1123173733874983,9.587351800939288,12.148710384411663,13.649041368094197,4.472909568516983,6.838402456930859
Equisetaceae,2.903256313938046,1.0552346306665712,3.7246336147697634,10.104178411860499,2.6000239259187476,10.312681786778146,6.638601420576699,21.521350843898922,1.7877341774280535,1.9352192617086537,1.4769985078312342,1.622416293801692,4.097343424679812,2.444888366301971,4.5699957170944225,5.40987089526363,6.369685785970453,0.0,3.6202128565827203,12.300207247339868,6.278353514768064,9.746045375233868,6.932997936839075,9.368368132280747,12.446612480046245,9.448995333061326,8.112150997691932,13.242910608529685,2.7107856267810844,6.718802915427718,4.107520142572022,2.336583526147081,1.3750851425534165,8.806529924616797,3.2171987320027315,4.689851483627721,3.7583523926681206,10.885826417045037,6.174976443354903,5.112787933561342,2.4765005479919533,6.3162690905392544,1.6022269302243735,1.3437695906123892,3.649723250067203,7.2620072601824734,3.2009762892367877,1.0207695717993135,3.663902068871169,2.030003455567427,5.62929896800948,4.453294331954588,6.2034048135608,7.700666858929188,9.648233248940006,1.0277678436324849
Fabaceae,5.759352106926905,4.298597211721127,2.6186922572745166,7.1155747166777905,1.7336534911115293,11.925001923448562,5.941665350156746,19.27902505797371,2.407998700648959,5.231156250705479,4.945936438345056,3.1382365846477716,3.9307468365068425,2.5055185049459374,1.2999363667439172,3.5832292415595917,3.2774424552383192,3.6202128565827203,0.0,9.76420937983609,5.9009513568663765,8.283523812743473,6.654749174531998,7.139380740924609,12.896242909340705,8.932609870938775,8.937403708866102,11.603454137060517,1.9675831825415537,3.3049471031274846,7.2698059941188555,3.359902858537173,4.273136775915551,6.010107200307041,6.017404627327671,7.692243076038923,6.353335808162864,8.281078149702795,8.149254761671946,1.8300295415767605,2.980701546249887,5.0690139611914695,3.4516993938995384,4.850599472034708,5.268365622862949,6.760848735122024,5.24831690115058,3.645247580139062,4.262922589014472,1.8006948738175224,4.257513101201799,7.085125767369062,9.01703213658238,10.520880819837547,6.112261018638611,3.8147470029652366
Fontinalaceae,14.681636131612114,12.344133077391081,8.586751525691044,4.6382482150466195,9.798366715281478,17.807608201503143,10.210829197438375,13.083023619289945,11.812995009537351,14.04780726791825,13.39417874454165,11.379292560545801,9.577370620576042,10.114256731217141,8.48574352451743,7.895339735156028,6.643770246937956,12.300207247339868,9.76420937983609,0.0,15.032384758822312,10.462705760038999,11.599388196757927,3.910886431921977,15.952633683158345,16.748398689876645,18.250006387041545,8.854957743542979,11.491278706723438,8.881534570996223,16.176172804899625,12.808996461610061,13.476460582857182,4.40963570486774,15.091625648630876,16.888204764887547,14.897324653317119,4.375360771454976,17.71197380988976,7.988117817238448,12.147751107065814,6.532478485220136,12.741967627885554,13.587044419375296,13.076146887515442,11.18445127394558,14.189597839435798,12.830955365041072,11.275689480207085,10.434487125149992,6.826560642664386,15.601645228160416,18.43444409476521,19.94068308469452,7.272042300682975,13.011522940204753
Gomphidiaceae ,6.865669856477925,6.978919702490005,8.058963689223832,12.33605238430425,6.915090378952839,10.714900364998808,8.081057192907652,24.527161917085156,4.878569072902668,6.668760307255854,6.560585334817287,7.086030378467003,7.754941911059408,6.8162682040935785,6.910124704458475,9.363324738357923,8.811698373513277,6.278353514768064,5.9009513568663765,15.032384758822312,0.0,12.924592553553087,10.965983349161991,12.91199063659046,12.958956650103577,4.053312038618519,3.4789174762371653,17.06712447328084,4.4131471144839525,6.379501889432614,6.476668372460095,4.010454101584207,5.584510311268189,11.526620127704405,6.659465664112518,6.28912566277218,5.780719446161363,13.781868096852197,6.354254894408482,7.288375893277411,5.8922722511811365,10.881914362856445,5.607655281367949,6.504213722939719,5.865296102670907,11.269167574657734,6.712889874281475,5.641302769642834,6.476691349926983,6.365190620225402,9.885403447917334,8.281230019000507,7.200258317016872,8.345340678565384,9.259213324868933,5.493718615743452
Grifolaceae,9.989797818590093,10.350781449279078,8.418189486691412,6.5191349914189995,8.250673535321834,19.71411474330639,13.522368513686008,13.110974542313997,9.794431306218343,10.247056901100008,11.09788733886508,8.145331829054053,10.957001301079513,9.557409730955428,8.142887071239251,5.570912067910368,7.14847698360486,9.746045375233868,8.283523812743473,10.462705760038999,12.924592553553087,0.0,3.5129925415768906,6.910873637325987,20.559045035218194,16.55577183377644,15.75309565218442,5.192101399381041,9.835227152569262,9.693834210287035,13.38135709198692,10.772797050683353,10.170669276766949,6.774363967746725,10.342990895849272,13.544238484071755,13.462153741025984,6.260524647441561,12.109732080460313,8.098068944017859,8.001743053527752,7.39475487336198,9.06346254380155,10.396693897841947,12.956068414572314,3.0036644131402332,8.92513623776318,9.626787453363892,11.980070814149633,8.713923734374376,8.330527297965693,9.797021992797118,13.756534352900418,14.954259610506154,10.256585768087803,10.006482467981026
Gymnosporangiaceae,6.728599653913472,7.505551648020742,6.690787018185728,8.055901685048747,6.175310823263608,17.165403632703956,11.950959432095951,16.290199371709672,7.411492932312556,7.067073295784738,8.127348471891763,5.3865616721528795,9.070796255201794,7.408339021830195,6.943405861297172,4.5310890398360115,6.828546013253388,6.932997936839075,6.654749174531998,11.599388196757927,10.965983349161991,3.5129925415768906,0.0,7.722437315122637,18.662905889874622,14.79735063985228,13.370807294943297,7.836554927740159,7.7258367135013675,9.106696132962428,10.233787962869409,8.317736968704112,7.234062486482714,7.586749137497591,7.1027305880662395,10.378191430718388,10.601522071600343,8.091472339756947,9.149885255000859,7.134527750061427,5.379835993952214,6.519020029925262,6.261993718518615,7.318966448901596,10.454578389015142,0.5830909201370331,5.769290324769292,6.7875950852019065,9.802291724253257,6.478703764439326,7.221253835652713,6.385813524566176,10.526852100172036,11.701018694225294,10.69650508676131,7.167710699271173
Helvellaceae,11.38451107003704,9.517119490957825,5.89295055647179,2.84725728569046,6.924458067237611,16.757942773370985,9.439881673054812,13.083472367696661,9.142865345566406,10.900936055796725,10.587728397685948,8.16417307107714,7.701365131675416,7.58490042847243,6.044675319459184,4.370940093698609,4.1422919968919905,9.368368132280747,7.139380740924609,3.910886431921977,12.91199063659046,6.910873637325987,7.722437315122637,0.0,16.033369380654715,15.420274254414936,16.059707805379087,6.413195677664209,8.99060508041151,7.408805970579234,13.430853820878527,10.255204007894427,10.486784963422316,1.8996285848747354,11.82047968910012,14.055493345693586,12.526210501270748,2.3360369479886223,14.49381838814343,5.661338176988052,8.945347933639814,3.446863354058011,9.6457073174266,10.561672106536712,11.046781615569248,7.308300445739703,10.800458999946919,9.828153692696125,9.39220317958132,7.615655442921025,4.28357736112156,12.086196784579926,15.339226160569373,16.80826007975331,6.984148407283,10.075133439507468
Hydnaceae,14.740097995540298,11.832593192255183,12.172448045698996,17.069710780785062,12.61252650740037,5.050704411773635,7.183878047173505,28.792622632634572,12.114942908124354,13.63844207189395,11.843782958500237,13.58630138247479,9.652427660008172,11.307108985261403,12.762329780751957,14.995325128689982,13.971996158143503,12.446612480046245,12.896242909340705,15.952633683158345,12.958956650103577,20.559045035218194,18.662905889874622,16.033369380654715,0.0,11.482437973017095,13.414840207499262,22.170937419312363,12.045467991383058,12.802342980591494,12.230571302669514,11.845023121871364,13.060426197178915,15.63411376746885,14.822021044771137,13.081280401942527,10.329285169452247,17.984124539643503,16.64184961809722,12.86642525555973,14.415107513670522,13.831249498835291,13.684582770987124,12.924111649541622,9.032573435254404,18.78923280704679,15.432014602889073,13.073514869135517,9.01885856548742,12.390481292385354,12.555645750456648,16.3410969787118,15.380885992515417,16.389689121958114,14.251517124859754,12.78729867100385
Hydrocharitaceae,10.453139018487512,9.860349686119822,10.73750730727758,14.795625593734512,9.940640162633645,9.679427689232083,8.588361713380312,27.319630290695763,8.054989015835957,10.04131601569657,9.41342603211931,10.492687439269744,9.643691204232281,9.45713352714493,9.60284693564221,12.508594905754048,11.385819690748386,9.448995333061326,8.932609870938775,16.748398689876645,4.053312038618519,16.55577183377644,14.79735063985228,15.420274254414936,11.482437973017095,0.0,4.308003188637087,20.301777184223944,7.517813206961422,8.324303478402156,8.921000461518986,7.156417003126907,8.978459103881185,13.97174084772574,10.239230206328918,8.858918219058173,7.729436021337939,16.372565381347755,9.83116122804846,9.86103098348492,9.644186748295233,13.539044015515742,9.229327474701442,9.72104920270686,7.495978924253664,15.05612156077501,10.537728115805562,9.075610832263889,8.184749021905805,9.42997803864879,12.321091819564517,11.974402028986042,10.049183641875802,10.949144621318151,10.613444777663263,8.84355977202759
Hygrophoraceae,7.925677532966003,8.59425229251845,10.73754999020405,15.70672569081779,9.5570508226641,10.118993838378467,10.16265500695655,27.810976440666895,7.269409920867412,7.8464937178654806,7.7911587656270775,9.278477209170381,10.040935055185711,9.231876384055267,10.030324135654956,12.298510770275948,12.049654278318048,8.112150997691932,8.937403708866102,18.250006387041545,3.4789174762371653,15.75309565218442,13.370807294943297,16.059707805379087,13.414840207499262,4.308003188637087,0.0,20.09004403862716,7.143041487300352,9.771776651080442,6.312216316441379,6.1531594187603895,7.115170041426353,14.805870267229277,7.555067000720801,5.796692135958646,6.152022954119961,17.078627529445992,6.222239195981862,10.464330864966566,8.235455444557301,13.673562957562915,7.608739807417343,7.801365814716794,7.118406463510871,13.766715763032174,8.175835563576223,7.4775650713724815,8.405282392245866,8.906110833491915,12.658955479268924,9.13262642401902,6.291429104097783,6.9281025826056375,12.660910737420387,7.228809300703857
Hymenochaetaceae,14.11408038732926,13.555163641758272,10.819148620933742,6.774664261457582,11.31953463364163,22.272318660872738,15.464473694806705,8.654170356353841,13.390624868165268,14.097858927691675,14.518428762693961,11.667460665321919,13.155983253625449,12.379655871194565,10.959379540149007,8.180758643914016,9.265092820446005,13.242910608529685,11.603454137060517,8.854957743542979,17.06712447328084,5.192101399381041,7.836554927740159,6.413195677664209,22.170937419312363,20.301777184223944,20.09004403862716,0.0,13.412299224554014,12.450697093593103,17.162822728605835,14.508280013727711,14.04838394601555,7.329431329528296,14.547606575696172,17.557591689922013,16.93149365006948,5.28902661671906,16.84229948818831,10.72530199328169,12.117294986766462,8.462951430887747,13.048819942792068,14.077646736469397,16.007104651073213,7.263712821479469,13.268099606865364,13.449697884152476,14.65844937394034,11.94967178710759,9.742526482678075,14.040498107379545,18.134799356604564,19.40193526018763,11.998141885353986,13.797299823467554
Inocybaceae,4.791552790649336,3.4380326672934687,3.688238456207566,9.069435560846756,2.5222645885599833,10.469650954721308,5.650918055555144,21.219984641212793,0.9336536713024673,4.161037068591046,3.6971594734314843,3.1523444345714853,3.9408862803710263,2.5227903626894856,3.090113287773945,5.313105594474236,5.188289000521715,2.7107856267810844,1.9675831825415537,11.491278706723438,4.4131471144839525,9.835227152569262,7.7258367135013675,8.99060508041151,12.045467991383058,7.517813206961422,7.143041487300352,13.412299224554014,0.0,4.328218964648379,5.577431833573326,1.4512406780246667,2.9909109330016856,7.933314722404712,4.935148442257508,5.969508884691425,4.589391546351518,10.236467784470761,6.85810985619588,3.609798242514538,2.763644933634929,6.559775589167016,2.591397249569654,3.7216074485341144,3.772294357016639,7.9552466908034,4.58023974364345,2.551614515430378,3.3768709451697165,1.9830779245057701,5.606391808660277,6.372696700983117,7.449233442163268,8.948559475490425,7.448177076077416,2.5485960544522728
Isoetaceae,8.855706782086273,7.290068176265185,4.942945964920713,6.48357277331787,4.813279820453676,12.782873747588352,5.9448234289200474,19.086257211240316,5.166775605841396,8.341817140592369,7.845709072135377,6.440120813579161,5.5144775515116216,5.129525330637285,2.8272037432963595,5.53815723719031,3.49534940253873,6.718802915427718,3.3049471031274846,8.881534570996223,6.379501889432614,9.693834210287035,9.106696132962428,7.408805970579234,12.802342980591494,8.324303478402156,9.771776651080442,12.450697093593103,4.328218964648379,0.0,9.839933410835942,5.675157573069878,7.243231346525585,5.761043678812348,9.034788542275901,10.221643951832336,8.534969097823252,8.09847977978323,10.574943160831607,2.625340408816832,6.045644736858922,6.613830618612346,6.530353270135236,7.922152497752655,7.062147041235481,9.075866918735997,8.296083712588695,6.702009472804676,5.873708985513632,4.9485511126926385,5.6944131972461305,10.221879231715544,11.60418309354761,13.06536923240551,3.1721306832964564,6.791119446597463
Lamiaceae,3.6974246299134452,3.983735144790044,7.6387769460428885,14.150381279920104,6.624248915528636,8.580498754860683,8.515234181727985,25.558594213085584,4.873848054001295,3.1716257565856867,2.8777536959696843,5.567554313330111,6.994798776542271,6.071457163863299,8.335109968372544,9.50829595425568,10.318474358375642,4.107520142572022,7.2698059941188555,16.176172804899625,6.476668372460095,13.38135709198692,10.233787962869409,13.430853820878527,12.230571302669514,8.921000461518986,6.312216316441379,17.162822728605835,5.577431833573326,9.839933410835942,0.0,4.195916452655375,3.3437329393650987,12.8576717793641,3.5051788570389664,1.085033580635938,2.1103349371299105,14.989124039376762,4.982094001092741,8.880528335994335,5.688324110993286,10.259288030707054,4.530563410924825,3.0865238852161636,4.143500222954748,10.68071609504978,4.825040174995782,3.9781132034996434,5.634405457589103,5.980312623451522,9.480538223796081,4.941827830743744,3.36276604738061,4.61668164435696,12.970217785325886,3.6554937930943745
Lycoperdaceae,4.006014652615909,3.0002984294645696,4.663011995901022,10.471157915338045,3.4589364988839275,9.687015115116182,6.0941989440434,22.4850911686578,1.1556594214987759,3.3275689929507677,2.8177314391783987,3.4053610119247084,4.495263203289266,3.1758209679985643,4.492191572792606,6.435254501529932,6.585117147056775,2.336583526147081,3.359902858537173,12.808996461610061,4.010454101584207,10.772797050683353,8.317736968704112,10.255204007894427,11.845023121871364,7.156417003126907,6.1531594187603895,14.508280013727711,1.4512406780246667,5.675157573069878,4.195916452655375,0.0,2.120708958693594,9.302913163975843,4.051709864729906,4.557966163800982,3.321931282923616,11.576290026614434,5.8673558822107115,5.022801573102518,3.0117367956176646,7.582466435550733,2.3004188740388742,2.893510278103249,3.078858243614936,8.62722151843813,4.108343700837483,2.005867455653747,3.4220961394175915,2.782698947597889,6.642653501979452,5.700606254350821,6.147367517883017,7.637849151006919,8.827024427145261,1.8056874683787663
Lycopodiaceae,1.9678053755228702,2.1355171045483154,4.966883955272755,10.996726408485578,3.6796725028232347,10.497654961379997,7.538502257341796,22.361105784785224,2.147669813182803,1.229086028324125,1.7326045020453698,2.471512872193476,5.293258979756841,3.6644918871687238,5.419553844626156,6.349530532234554,7.2922900867083,1.3750851425534165,4.273136775915551,13.476460582857182,5.584510311268189,10.170669276766949,7.234062486482714,10.486784963422316,13.060426197178915,8.978459103881185,7.115170041426353,14.04838394601555,2.9909109330016856,7.243231346525585,3.3437329393650987,2.120708958693594,0.0,9.809069415760586,2.120471242969391,3.665927338549543,3.493818190083099,11.849460003473176,4.824885191528886,5.978692031289605,2.375224138185734,7.563885598730375,1.2030295013647576,1.0253089891252791,4.0399338898740345,7.633674759420493,2.380302874286271,0.6787257600165464,4.528893425958218,3.0597546911912934,6.913476921838799,3.682867659975353,4.961489785091328,6.472841936636044,10.292685500447206,0.5056837526863909
Melanthiaceae,10.852289527189383,9.115092495170016,5.407174859263755,1.666859945210491,6.234513287772634,16.264814815699864,8.757182264425191,13.842421916200916,8.248885780926324,10.400183945128616,10.116627074636128,7.661360866245135,7.231173020461087,6.978826589690508,4.870292129285768,3.8842471389351463,2.76867618736434,8.806529924616797,6.010107200307041,4.40963570486774,11.526620127704405,6.774363967746725,7.586749137497591,1.8996285848747354,15.63411376746885,13.97174084772574,14.805870267229277,7.329431329528296,7.933314722404712,5.761043678812348,12.8576717793641,9.302913163975843,9.809069415760586,0.0,11.241164518291386,13.408312444173328,11.878651926986468,2.546497831243804,13.642397881623776,4.408876642977151,8.11692145588347,3.863415039976897,8.893332040814569,10.059489160943427,10.375073965689737,7.217495472081932,10.172933429105754,9.133511980559128,8.74601747299013,6.885735531435327,4.2343891960531765,11.6826300676879,14.666106032640736,16.151616592855678,5.201286143270293,9.376199558234415
Onagraceae,0.5073941931111499,3.754109879456884,6.705735905625138,12.316577574319357,5.413527063023202,11.79084857923925,9.629431581769046,23.018320517683453,4.173765557390624,1.4515045208818018,3.1837714930514385,3.730258599715802,7.298804342210033,5.624433913439102,7.190393689954161,7.528623107982061,8.881633581526117,3.2171987320027315,6.017404627327671,15.091625648630876,6.659465664112518,10.342990895849272,7.1027305880662395,11.82047968910012,14.822021044771137,10.239230206328918,7.555067000720801,14.547606575696172,4.935148442257508,9.034788542275901,3.5051788570389664,4.051709864729906,2.120471242969391,11.241164518291386,0.0,3.355509920179551,4.717384216956389,13.041237223037065,3.3723634793804984,7.738930302704153,3.3360433431815486,8.955702542076217,2.566081635220134,2.169559160512024,5.880421017642332,7.606287742926291,1.477784888333674,2.5650336650205126,6.581069209684657,4.899050694465077,8.545287661084632,1.8004612550496815,3.6320256664961352,5.025041514586767,12.032229253506976,2.5973246432539465
Orchidaceae,3.6792787361687878,4.758705037339255,8.331077074072725,14.62494901257486,7.1980702608941405,9.28430874176915,9.359039361404408,25.967064600919546,5.32001988249083,3.4799019849116632,3.6616003057929927,6.034841273914609,7.860219323717575,6.790246450534981,8.840496547135164,9.995815236475648,10.833389482798673,4.689851483627721,7.692243076038923,16.888204764887547,6.28912566277218,13.544238484071755,10.378191430718388,14.055493345693586,13.081280401942527,8.858918219058173,5.796692135958646,17.557591689922013,5.969508884691425,10.221643951832336,1.085033580635938,4.557966163800982,3.665927338549543,13.408312444173328,3.355509920179551,0.0,2.9592375708818945,15.500887917745855,4.099720243702215,9.39361766636895,5.857034276793723,10.968522911530975,4.7624368126326555,3.5941356532110293,4.999236906453125,10.854492282804165,4.731623201730698,4.337485294890308,6.486754321759602,6.540737606096784,10.22918353977297,4.742956418742585,2.3508870591562054,3.6245574783216834,13.381827035748945,4.0506268927964095
Orobanchaceae,4.777876493782286,3.4951759731824774,6.633612251445502,13.23829295895462,5.819282953811704,7.1229660288409535,6.518571988337524,25.099977096182226,4.051898760364809,3.887513809603429,2.63202228204252,5.38031240400491,5.447650042888257,4.94827058606775,7.260751315388325,8.940223593679866,9.29820472019369,3.7583523926681206,6.353335808162864,14.897324653317119,5.780719446161363,13.462153741025984,10.601522071600343,12.526210501270748,10.329285169452247,7.729436021337939,6.152022954119961,16.93149365006948,4.589391546351518,8.534969097823252,2.1103349371299105,3.321931282923616,3.493818190083099,11.878651926986468,4.717384216956389,2.9592375708818945,0.0,14.179850014514193,6.45320533601502,7.765462722530563,5.6824030196627335,9.411113694989334,4.567320708299477,3.4010864355324792,2.145752140049887,10.968381055155628,5.67403131661912,3.9049892148321246,3.8411653675762323,5.178224024745289,8.417400515136316,6.349870823783182,5.284618983875475,6.5631503941431255,11.600192616069402,3.52296421626344
Papaveraceae,12.632708902632253,11.203977404778223,7.6372908293619,1.7983916052258886,8.410911627960196,18.714376144132455,11.238045118651854,11.299159485299267,10.490453228857724,12.308232395893024,12.222904767528506,9.563276987817915,9.615168836575918,9.271122224063337,7.254064872714792,5.560191902774092,5.17204434962823,10.885826417045037,8.281078149702795,4.375360771454976,13.781868096852197,6.260524647441561,8.091472339756947,2.3360369479886223,17.984124539643503,16.372565381347755,17.078627529445992,5.28902661671906,10.236467784470761,8.09847977978323,14.989124039376762,11.576290026614434,11.849460003473176,2.546497831243804,13.041237223037065,15.500887917745855,14.179850014514193,0.0,15.404067540700613,6.832143996491547,9.989468351284412,5.530306215588787,10.867085857478779,12.05460462332412,12.780634418902434,7.595704219975198,11.856918613679678,11.17570230298216,11.179922136230557,9.079673497636051,6.332752210581863,13.208940502523044,16.577650926672618,18.023176878079862,7.061805622612256,11.457489744290234
